clc
clear
close all
%% voltages and currents
%load 1000Scen_with_current_pu
%load 1000Scen_PV_with_current_pu
%load 1000Scen_3PVs_with_current_pu
%load 1000Scen_3PVs_with_current_pu_860_848_mid822
% load 1000Scen_3PVs_with_current_pu_860_848_mid822_varing_feeder_head_erronous
% R_input_voltage = R_input_voltage_erronous;
load 1000Scen_3PVs_with_current_pu_860_848_mid822_varing_feeder_head
% removing small zero currents
% temp1 = mean(R_input_current(:,1:size(R_input_current,2)/2));
% temp2 = find (temp1 <0.000001); 
% All_currents_WLS_names_ready(temp2,:) = [];
% temp2 = [temp2,temp2+size(R_input_current,2)/2];
% R_input_current(:,temp2) = [];
%% removing constant voltage magnitudes and their corresponding phase angles.
temp1  = std(R_input_voltage(:,1:size(R_input_voltage,2)/2));
temp2 = find (temp1 <0.001); 
node_voltage_names_separated(temp2,:) = [];
temp2 = [temp2,temp2+size(R_input_voltage,2)/2];
R_input_voltage(:,temp2) = [];

%% removing constant current magnitudes and their corresponding phase angles.
% temp1  = std(R_input_current(:,1:size(R_input_current,2)/2));
% temp2 = find (temp1 < 1e-5); 
% All_currents_WLS_names_ready(temp2,:) = [];
% temp2 = [temp2,temp2+size(R_input_current,2)/2];
% R_input_current(:,temp2) = [];

%% voltage - voltage analysis
%% finding the index voltage for each phase
phase_A_voltage_mag_index= [];
phase_B_voltage_mag_index= [];
phase_C_voltage_mag_index= [];
for i = 1:size (node_voltage_names_separated,1)
    if strcmp(node_voltage_names_separated{i,2},'1')
        phase_A_voltage_mag_index = [phase_A_voltage_mag_index,i];
    elseif strcmp(node_voltage_names_separated{i,2},'2')
        phase_B_voltage_mag_index = [phase_B_voltage_mag_index,i];
    elseif strcmp(node_voltage_names_separated{i,2},'3')
        phase_C_voltage_mag_index = [phase_C_voltage_mag_index,i];
    end
end


phase_A_voltage_mag_index = [1,4,7,10,14,17,20,23,26,30,31,27,33,36,39,70,42,73,84,45,76,48,51,60,63,66,77,54,57,80];
phase_B_voltage_mag_index = [2,5,8,11,13,15,18,21,24,28,32,34,37,40,69,71,43,74,85,46,49,52,61,64,67,78,55,58,81,83];
phase_C_voltage_mag_index = [3,6,9,12,16,19,22,25,29,35,38,41,72,44,75,86,47,50,53,62,65,68,79,56,59,82];


phase_A_voltage_ang_index = phase_A_voltage_mag_index + size(R_input_voltage,2)/2;
phase_B_voltage_ang_index = phase_B_voltage_mag_index + size(R_input_voltage,2)/2;
phase_C_voltage_ang_index = phase_C_voltage_mag_index + size(R_input_voltage,2)/2;
R_mag_A = corr(R_input_voltage(:,phase_A_voltage_mag_index),'type','Spearman');
R_mag_B = corr(R_input_voltage(:,phase_B_voltage_mag_index),'type','Spearman');
R_mag_C = corr(R_input_voltage(:,phase_C_voltage_mag_index),'type','Spearman');
R_ang_A = corr(R_input_voltage(:,phase_A_voltage_ang_index),'type','Spearman');
R_ang_B = corr(R_input_voltage(:,phase_B_voltage_ang_index),'type','Spearman');
R_ang_C = corr(R_input_voltage(:,phase_C_voltage_ang_index),'type','Spearman');
min_correlation = [min(min(R_mag_A)),min(min(R_mag_B)),min(min(R_mag_C)),min(min(R_ang_A)),min(min(R_ang_B)),min(min(R_ang_C))];
    
method = 'ward';
%method = 'average';
Hierarchical_results_A_mag = linkage(R_mag_A,method);
Hierarchical_results_B_mag = linkage(R_mag_B,method);
Hierarchical_results_C_mag = linkage(R_mag_C,method);
Hierarchical_results_A_ang = linkage(R_ang_A,method);
Hierarchical_results_B_ang = linkage(R_ang_B,method);
Hierarchical_results_C_ang = linkage(R_ang_C,method);
maximum_number_of_clusters = 2;
cluster_A_mag = cluster(Hierarchical_results_A_mag,'MaxClust',maximum_number_of_clusters) ;
cluster_B_mag = cluster(Hierarchical_results_B_mag,'MaxClust',maximum_number_of_clusters) ;
cluster_C_mag = cluster(Hierarchical_results_C_mag,'MaxClust',maximum_number_of_clusters) ;
cluster_A_ang = cluster(Hierarchical_results_A_ang,'MaxClust',maximum_number_of_clusters) ;
cluster_B_ang = cluster(Hierarchical_results_B_ang,'MaxClust',maximum_number_of_clusters) ;
cluster_C_ang = cluster(Hierarchical_results_C_ang,'MaxClust',maximum_number_of_clusters) ;
 
phase_A_voltage_names = node_voltage_names_separated(phase_A_voltage_mag_index ,1);
phase_B_voltage_names = node_voltage_names_separated(phase_B_voltage_mag_index ,1);
phase_C_voltage_names = node_voltage_names_separated(phase_C_voltage_mag_index ,1);





heatmap(R_mag_A,'FontName', 'Times New Roman', 'FontSize', 14,'Colormap',parula)
ax = gca;
ax.XData =[phase_A_voltage_names];
ax.YData =[phase_A_voltage_names];
title ('Phase A voltage magnitude CC matrix')
xlabel('node voltage name')
ylabel('node voltage name')

figure

heatmap(R_ang_A,'FontName', 'Times New Roman', 'FontSize', 14)
ax = gca;
ax.XData =[phase_A_voltage_names];
ax.YData =[phase_A_voltage_names];
title ('Phase A voltage angle CC matrix')
xlabel('node voltage name')
ylabel('node voltage name')
%% plotting for the paper
phase_A_reordering = [1,2,3,4,5,8,6,7,9,10,11,13,16,18,19,24,25,20,21,22,12,14,17,23,26,15];
tiledlayout(2,3)
nexttile
heatmap(R_mag_A(phase_A_reordering,phase_A_reordering),'FontName', 'Times New Roman', 'FontSize', 12,'Colormap',parula)
title('Phase A Mag')
nexttile
heatmap(R_mag_B,'FontName', 'Times New Roman', 'FontSize', 12,'Colormap',parula)
title('Phase B Mag')
nexttile
heatmap(R_mag_C,'FontName', 'Times New Roman', 'FontSize', 12,'Colormap',parula)
title('Phase C Mag')
nexttile
heatmap(R_ang_A(phase_A_reordering,phase_A_reordering),'FontName', 'Times New Roman', 'FontSize', 12,'Colormap',parula)
title('Phase A Ang')
nexttile
heatmap(R_ang_B,'FontName', 'Times New Roman', 'FontSize', 12,'Colormap',parula)
title('Phase B Ang')
nexttile
heatmap(R_ang_C,'FontName', 'Times New Roman', 'FontSize', 12,'Colormap',parula)
title('Phase C Ang')
%% current - voltage analysis
%% finding the index current for each phase
phase_A_current_mag_index= [];
phase_B_current_mag_index= [];
phase_C_current_mag_index= [];
for i = 1:size (All_currents_WLS_names_ready,1)
    if strcmp(All_currents_WLS_names_ready{i,3},'1')
        phase_A_current_mag_index = [phase_A_current_mag_index,i];
    elseif strcmp(All_currents_WLS_names_ready{i,3},'2')
        phase_B_current_mag_index = [phase_B_current_mag_index,i];
    elseif strcmp(All_currents_WLS_names_ready{i,3},'3')
        phase_C_current_mag_index = [phase_C_current_mag_index,i];
    end
end

phase_A_current_ang_index = phase_A_current_mag_index + size(R_input_current,2)/2;
phase_B_current_ang_index = phase_B_current_mag_index + size(R_input_current,2)/2;
phase_C_current_ang_index = phase_C_current_mag_index + size(R_input_current,2)/2;
R_mag_A_current = corr([R_input_voltage(:,phase_A_voltage_mag_index),R_input_current(:,phase_A_current_mag_index)],'type','Spearman');
R_mag_B_current = corr([R_input_voltage(:,phase_B_voltage_mag_index),R_input_current(:,phase_B_current_mag_index)],'type','Spearman');
R_mag_C_current = corr([R_input_voltage(:,phase_C_voltage_mag_index),R_input_current(:,phase_C_current_mag_index)],'type','Spearman');
R_ang_A_current = corr([R_input_voltage(:,phase_A_voltage_ang_index),R_input_current(:,phase_A_current_ang_index)],'type','Spearman');
R_ang_B_current = corr([R_input_voltage(:,phase_B_voltage_ang_index),R_input_current(:,phase_B_current_ang_index)],'type','Spearman');
R_ang_C_current = corr([R_input_voltage(:,phase_C_voltage_ang_index),R_input_current(:,phase_C_current_ang_index)],'type','Spearman');

method = 'average';
Hierarchical_results_A_mag_current = linkage(R_mag_A_current(1:size(R_input_voltage(:,phase_A_voltage_mag_index),2),size(R_input_voltage(:,phase_A_voltage_mag_index),2)+1:end),method);
Hierarchical_results_B_mag_current = linkage(R_mag_B_current,method);
Hierarchical_results_C_mag_current = linkage(R_mag_C_current,method);
Hierarchical_results_A_ang_current = linkage(R_ang_A_current,method);
Hierarchical_results_B_ang_current = linkage(R_ang_B_current,method);
Hierarchical_results_C_ang_current = linkage(R_ang_C_current,method);
cluster_A_mag_current = cluster(Hierarchical_results_A_mag_current,'MaxClust',2) ;
cluster_B_mag_current = cluster(Hierarchical_results_B_mag_current,'MaxClust',2) ;
cluster_C_mag_current = cluster(Hierarchical_results_C_mag_current,'MaxClust',2) ;
cluster_A_ang_current = cluster(Hierarchical_results_A_ang_current,'MaxClust',2) ;
cluster_B_ang_current = cluster(Hierarchical_results_B_ang_current,'MaxClust',2) ;
cluster_C_ang_current = cluster(Hierarchical_results_C_ang_current,'MaxClust',2) ;

%all_clusters = [cluster_A_mag,cluster_B_mag,cluster_C_mag,cluster_A_ang,cluster_B_ang,cluster_C_ang];

[H,T,outperm] = dendrogram(Hierarchical_results_A_ang,'ColorThreshold','default');
inconsistency_R = inconsistent(Hierarchical_results_A_ang);
%T = cluster(Hierarchical_results_A_mag,'cutoff',abs(max(inconsistency_R(:,4))-(10^(-15))));
T = cluster(Hierarchical_results_A_mag,'MaxClust',2) ;
heatmap(R_ang_A,'FontName', 'Times New Roman', 'FontSize', 12,'Colormap',parula)
figure
heatmap(R_ang_B,'FontName', 'Times New Roman', 'FontSize', 12,'Colormap',parula)
figure
heatmap(R_ang_C,'FontName', 'Times New Roman', 'FontSize', 12,'Colormap',parula)
%target_phase = find (str2double(All_currents_WLS_names_ready(:,3))==1 && All_currents_WLS_names_ready{});
% the hard coded below is very sketchy. watch out
target_phase_mag_current = [1 7 13 19 25 31 37 43 45 48 51 53 55 58 61 64 67 73 76 79 82 85 92 95 98 101 104 107 110 116 122 125 128 132 138]; % these are for phase A
%target_phase_mag_current = [1 7 13 20 26 32 38 44 52 54 46 56 62 68 117 123 74 129 80 86 98 104 110 130 136 92 142 153 147]; % these are for phase A
target_phase_ang_current = target_phase_mag_current + size(R_input_current,2)/2;
% target_phase_mag_voltage = find (str2double(node_voltage_names_separated(:,2))==1);
% temp1 = target_phase_mag_voltage(end-1);
% temp2 = target_phase_mag_voltage(end-4);
% target_phase_mag_voltage(end-1) = temp2;
% target_phase_mag_voltage(end-4) = temp1;
% Phase A
%target_phase_mag_voltage = [4 7 10 14 17 20 23 26 30 31 27 33 36 39 70 42 45 76 48 51 60 63 66 77 54 57 80 73 84];
target_phase_mag_voltage = [4, 7, 10, 14, 17, 20, 23, 26, 27, 30, 31, 33, 36, 39, 42, 45, 48, 51, 54, 57, 60, 63, 66, 70, 80, 76, 77, 73, 84];
% Phase C
%target_phase_mag_voltage = [6 9 12 16 19 22 25 29 35 38 41 44 47 50 53 56 59 62 65 68 72 75 79 82 86];
target_phase_ang_voltage = target_phase_mag_voltage + size(R_input_voltage,2)/2;
%R = corr([R_input_voltage(:,target_phase_ang_voltage),R_input_current(:,target_phase_ang_current)],'type','Spearman');
R = corr(R_input_voltage(:,target_phase_ang_voltage),'type','Spearman');
target_phase_names_voltages = node_voltage_names_separated(target_phase_mag_voltage,1);
counter = 1;
for i = 1:length(target_phase_mag_current)
    target_phase_names_currents{i,1} = strcat(All_currents_WLS_names_ready(target_phase_mag_current(i),1),'-',All_currents_WLS_names_ready(target_phase_mag_current(i),2));
end
%R = corr(R_input_voltage(:,target_phase_ang_voltage),'type','Spearman');
%figure
heatmap(R,'FontName', 'Times New Roman', 'FontSize', 12,'Colormap',parula)
%heatmap(R)
%xticks([1:length(target_phase_names)])
%xticklabels(target_phase_names);
ax = gca;
%ax.XData =[target_phase_names_voltages,target_phase_names_currents];
%ax.YData =[target_phase_names_voltages,target_phase_names_currents];
ax.XData =target_phase_names_voltages;
ax.YData =target_phase_names_voltages;
%xtickangle(90)

% creating excel sheets for estimating MI in python
%writematrix(R_input_voltage,'C:\Users\bazimian\OneDrive\Research\Dr. Anamitra Pal\34 Node system\34 node system\Spectral clusterting\voltage.csv')
%writematrix(R_input_current,'C:\Users\bazimian\OneDrive\Research\Dr. Anamitra Pal\34 Node system\34 node system\Spectral clusterting\current.csv')
%figure
%scatter (R_input_voltage(:,73+size(R_input_voltage,2)/2),R_input_voltage(:,84+size(R_input_voltage,2)/2))
%scatter (R_input_voltage(:,42),R_input_voltage(:,73))

% Hierarchical_results = linkage(R,'average');
% inconsistency_R = inconsistent(Hierarchical_results); 

%R= [5.64964000000000,4.32392000000000,2.93423000000000,2.81446000000000,2.73352000000000,2.73483000000000,2.73203000000000,2.73180000000000,2.74885000000000,2.75622000000000,2.45729000000000,2.43199000000000,2.00349000000000,1.99526000000000,1.58789000000000,1.58713000000000,1.54986000000000,1.54980000000000,1.51834000000000,1.51938000000000,1.51481000000000,1.51526000000000,1.51665000000000,1.51236000000000,1.51222000000000,1.51223000000000,1.51204000000000,0.735329000000000,0.506144000000000;4.32343000000000,5.64914000000000,3.15118000000000,2.99161000000000,2.90690000000000,2.90745000000000,2.90506000000000,2.90722000000000,2.91753000000000,2.91680000000000,2.57324000000000,2.53921000000000,2.04696000000000,2.03615000000000,1.59677000000000,1.59627000000000,1.57456000000000,1.57469000000000,1.54780000000000,1.54717000000000,1.54390000000000,1.53693000000000,1.53871000000000,1.53830000000000,1.53906000000000,1.53847000000000,1.53762000000000,0.741411000000000,0.499058000000000;2.93443000000000,3.15130000000000,5.65114000000000,3.94756000000000,3.69071000000000,3.69829000000000,3.67983000000000,3.68492000000000,3.68343000000000,3.67719000000000,3.00695000000000,2.95420000000000,2.15441000000000,2.14344000000000,1.64318000000000,1.64528000000000,1.62222000000000,1.62218000000000,1.60415000000000,1.60571000000000,1.61037000000000,1.60803000000000,1.61493000000000,1.59905000000000,1.59820000000000,1.59779000000000,1.59773000000000,0.724464000000000,0.508970000000000;2.81423000000000,2.99146000000000,3.94756000000000,5.65114000000000,4.76389000000000,4.78255000000000,4.73559000000000,4.73699000000000,4.60564000000000,4.54653000000000,3.16819000000000,3.09968000000000,2.22847000000000,2.21823000000000,1.68098000000000,1.68313000000000,1.65054000000000,1.65048000000000,1.62287000000000,1.62293000000000,1.62118000000000,1.62636000000000,1.62766000000000,1.62695000000000,1.61373000000000,1.61355000000000,1.61448000000000,0.721329000000000,0.487952000000000;2.73309000000000,2.90690000000000,3.69071000000000,4.76389000000000,5.65080000000000,5.58747000000000,5.55855000000000,5.56829000000000,4.76760000000000,4.68001000000000,3.23617000000000,3.16449000000000,2.24819000000000,2.23591000000000,1.69758000000000,1.69969000000000,1.66701000000000,1.66702000000000,1.63908000000000,1.63981000000000,1.63784000000000,1.63252000000000,1.63454000000000,1.63907000000000,1.62784000000000,1.62837000000000,1.62855000000000,0.729622000000000,0.482433000000000;2.73436000000000,2.90745000000000,3.69829000000000,4.78255000000000,5.58747000000000,5.65114000000000,5.49324000000000,5.49985000000000,4.76313000000000,4.67854000000000,3.22928000000000,3.15966000000000,2.24498000000000,2.23303000000000,1.69579000000000,1.69724000000000,1.66492000000000,1.66500000000000,1.63784000000000,1.63871000000000,1.63698000000000,1.63131000000000,1.63276000000000,1.63809000000000,1.62731000000000,1.62711000000000,1.62801000000000,0.728769000000000,0.482378000000000;2.73209000000000,2.90506000000000,3.67983000000000,4.73559000000000,5.55855000000000,5.49324000000000,5.65114000000000,5.60017000000000,4.73937000000000,4.65098000000000,3.24887000000000,3.17382000000000,2.25121000000000,2.23877000000000,1.70149000000000,1.70230000000000,1.67080000000000,1.67097000000000,1.64100000000000,1.64337000000000,1.63914000000000,1.63404000000000,1.63655000000000,1.63983000000000,1.62887000000000,1.62882000000000,1.62930000000000,0.729930000000000,0.484539000000000;2.73188000000000,2.90722000000000,3.68492000000000,4.73699000000000,5.56829000000000,5.49985000000000,5.60017000000000,5.65114000000000,4.76100000000000,4.67311000000000,3.24438000000000,3.17115000000000,2.24976000000000,2.23679000000000,1.70050000000000,1.70176000000000,1.67032000000000,1.67033000000000,1.64132000000000,1.64278000000000,1.63942000000000,1.63382000000000,1.63667000000000,1.63905000000000,1.62853000000000,1.62856000000000,1.62784000000000,0.729294000000000,0.483505000000000;2.74878000000000,2.91763000000000,3.68343000000000,4.60564000000000,4.76760000000000,4.76313000000000,4.73937000000000,4.76100000000000,5.65114000000000,5.46958000000000,3.11341000000000,3.04307000000000,2.21010000000000,2.19770000000000,1.67756000000000,1.67781000000000,1.65053000000000,1.65055000000000,1.62665000000000,1.62739000000000,1.62044000000000,1.62168000000000,1.61619000000000,1.62403000000000,1.61807000000000,1.61779000000000,1.61804000000000,0.721662000000000,0.478007000000000;2.75638000000000,2.91690000000000,3.67719000000000,4.54653000000000,4.68001000000000,4.67854000000000,4.65098000000000,4.67311000000000,5.46958000000000,5.65089000000000,3.10148000000000,3.03384000000000,2.20233000000000,2.18925000000000,1.67233000000000,1.67373000000000,1.64740000000000,1.64749000000000,1.62486000000000,1.62317000000000,1.61478000000000,1.61768000000000,1.61366000000000,1.61992000000000,1.61179000000000,1.61148000000000,1.61136000000000,0.722599000000000,0.478723000000000;2.45728000000000,2.57309000000000,3.00695000000000,3.16819000000000,3.23617000000000,3.22928000000000,3.24887000000000,3.24438000000000,3.11341000000000,3.10148000000000,5.65114000000000,5.16547000000000,2.70881000000000,2.68955000000000,1.92526000000000,1.92678000000000,1.89454000000000,1.89444000000000,1.85926000000000,1.86079000000000,1.84749000000000,1.83455000000000,1.83269000000000,1.85232000000000,1.84470000000000,1.84454000000000,1.84558000000000,0.702595000000000,0.473050000000000;2.43182000000000,2.53939000000000,2.95420000000000,3.09968000000000,3.16449000000000,3.15966000000000,3.17382000000000,3.17115000000000,3.04307000000000,3.03384000000000,5.16547000000000,5.65114000000000,2.74957000000000,2.73039000000000,1.94591000000000,1.94640000000000,1.91416000000000,1.91411000000000,1.87994000000000,1.87895000000000,1.86671000000000,1.85368000000000,1.85051000000000,1.87526000000000,1.86388000000000,1.86446000000000,1.86457000000000,0.703480000000000,0.470188000000000;2.00359000000000,2.04702000000000,2.15434000000000,2.22847000000000,2.24819000000000,2.24498000000000,2.25121000000000,2.24976000000000,2.21010000000000,2.20233000000000,2.70881000000000,2.74957000000000,5.65114000000000,5.39123000000000,2.52144000000000,2.51988000000000,2.45637000000000,2.45637000000000,2.39569000000000,2.39022000000000,2.36982000000000,2.34102000000000,2.34134000000000,2.39082000000000,2.35499000000000,2.35577000000000,2.35613000000000,0.707821000000000,0.463004000000000;1.99533000000000,2.03620000000000,2.14337000000000,2.21823000000000,2.23591000000000,2.23303000000000,2.23877000000000,2.23679000000000,2.19770000000000,2.18925000000000,2.68955000000000,2.73039000000000,5.39123000000000,5.65114000000000,2.53723000000000,2.53751000000000,2.47098000000000,2.47098000000000,2.41038000000000,2.40797000000000,2.38639000000000,2.35919000000000,2.35769000000000,2.40680000000000,2.37038000000000,2.37034000000000,2.37056000000000,0.709010000000000,0.458832000000000;1.58771000000000,1.59674000000000,1.64318000000000,1.68098000000000,1.69758000000000,1.69579000000000,1.70149000000000,1.70050000000000,1.67756000000000,1.67233000000000,1.92526000000000,1.94591000000000,2.52144000000000,2.53723000000000,5.65114000000000,5.59275000000000,4.66794000000000,4.66779000000000,4.11343000000000,4.09831000000000,4.01777000000000,3.75833000000000,3.71527000000000,4.01045000000000,3.84120000000000,3.84357000000000,3.84033000000000,0.694939000000000,0.457697000000000;1.58699000000000,1.59623000000000,1.64528000000000,1.68313000000000,1.69969000000000,1.69732000000000,1.70230000000000,1.70176000000000,1.67784000000000,1.67376000000000,1.92678000000000,1.94628000000000,2.51988000000000,2.53750000000000,5.59275000000000,5.65064000000000,4.67123000000000,4.67117000000000,4.10932000000000,4.09600000000000,4.02185000000000,3.75998000000000,3.71543000000000,4.01419000000000,3.84231000000000,3.84298000000000,3.84130000000000,0.695021000000000,0.457361000000000;1.54972000000000,1.57469000000000,1.62222000000000,1.65054000000000,1.66701000000000,1.66492000000000,1.67080000000000,1.67032000000000,1.65053000000000,1.64740000000000,1.89454000000000,1.91416000000000,2.45637000000000,2.47098000000000,4.66794000000000,4.67123000000000,5.65114000000000,5.65089000000000,4.60998000000000,4.58968000000000,4.43942000000000,4.02287000000000,3.95432000000000,4.43561000000000,4.11767000000000,4.11801000000000,4.11541000000000,0.690858000000000,0.453727000000000;1.54980000000000,1.57469000000000,1.62218000000000,1.65048000000000,1.66702000000000,1.66500000000000,1.67097000000000,1.67033000000000,1.65055000000000,1.64749000000000,1.89444000000000,1.91411000000000,2.45637000000000,2.47098000000000,4.66779000000000,4.67117000000000,5.65089000000000,5.65114000000000,4.61010000000000,4.58981000000000,4.43942000000000,4.02315000000000,3.95442000000000,4.43570000000000,4.11736000000000,4.11770000000000,4.11523000000000,0.690856000000000,0.453743000000000;1.51839000000000,1.54786000000000,1.60415000000000,1.62287000000000,1.63908000000000,1.63784000000000,1.64100000000000,1.64132000000000,1.62665000000000,1.62486000000000,1.85926000000000,1.87994000000000,2.39569000000000,2.41038000000000,4.11343000000000,4.10932000000000,4.60998000000000,4.61010000000000,5.65114000000000,5.51234000000000,4.95440000000000,4.17556000000000,4.09087000000000,4.89724000000000,4.35412000000000,4.35187000000000,4.35133000000000,0.690640000000000,0.455137000000000;1.51925000000000,1.54723000000000,1.60571000000000,1.62293000000000,1.63981000000000,1.63871000000000,1.64337000000000,1.64278000000000,1.62739000000000,1.62317000000000,1.86079000000000,1.87895000000000,2.39022000000000,2.40797000000000,4.09831000000000,4.09600000000000,4.58968000000000,4.58981000000000,5.51234000000000,5.65114000000000,5.06495000000000,4.21564000000000,4.12710000000000,4.82699000000000,4.30553000000000,4.30276000000000,4.30324000000000,0.691116000000000,0.454098000000000;1.51463000000000,1.54396000000000,1.61037000000000,1.62118000000000,1.63784000000000,1.63698000000000,1.63914000000000,1.63942000000000,1.62044000000000,1.61478000000000,1.84749000000000,1.86671000000000,2.36982000000000,2.38639000000000,4.01777000000000,4.02185000000000,4.43942000000000,4.43942000000000,4.95440000000000,5.06495000000000,5.65114000000000,4.45427000000000,4.34068000000000,4.49401000000000,4.11761000000000,4.11638000000000,4.11306000000000,0.693754000000000,0.452012000000000;1.51534000000000,1.53699000000000,1.60803000000000,1.62636000000000,1.63252000000000,1.63131000000000,1.63404000000000,1.63382000000000,1.62168000000000,1.61771000000000,1.83455000000000,1.85368000000000,2.34102000000000,2.35919000000000,3.75833000000000,3.75998000000000,4.02287000000000,4.02315000000000,4.17556000000000,4.21564000000000,4.45427000000000,5.65114000000000,5.41852000000000,3.92041000000000,3.69497000000000,3.69533000000000,3.69381000000000,0.689706000000000,0.437282000000000;1.51663000000000,1.53867000000000,1.61493000000000,1.62766000000000,1.63454000000000,1.63276000000000,1.63655000000000,1.63667000000000,1.61619000000000,1.61369000000000,1.83269000000000,1.85051000000000,2.34134000000000,2.35769000000000,3.71527000000000,3.71543000000000,3.95432000000000,3.95442000000000,4.09087000000000,4.12710000000000,4.34068000000000,5.41852000000000,5.65114000000000,3.85637000000000,3.64712000000000,3.64770000000000,3.64574000000000,0.686223000000000,0.438503000000000;1.51212000000000,1.53838000000000,1.59905000000000,1.62695000000000,1.63907000000000,1.63809000000000,1.63983000000000,1.63905000000000,1.62397000000000,1.61986000000000,1.85232000000000,1.87526000000000,2.39082000000000,2.40680000000000,4.01045000000000,4.01425000000000,4.43561000000000,4.43570000000000,4.89724000000000,4.82699000000000,4.49401000000000,3.92041000000000,3.85637000000000,5.65047000000000,4.75436000000000,4.75324000000000,4.75507000000000,0.693798000000000,0.459834000000000;1.51191000000000,1.53915000000000,1.59813000000000,1.61373000000000,1.62784000000000,1.62731000000000,1.62887000000000,1.62853000000000,1.61807000000000,1.61179000000000,1.84470000000000,1.86388000000000,2.35499000000000,2.37038000000000,3.84120000000000,3.84224000000000,4.11767000000000,4.11736000000000,4.35412000000000,4.30553000000000,4.11761000000000,3.69497000000000,3.64712000000000,4.75436000000000,5.65114000000000,5.63097000000000,5.63202000000000,0.697918000000000,0.464265000000000;1.51188000000000,1.53853000000000,1.59779000000000,1.61355000000000,1.62837000000000,1.62711000000000,1.62882000000000,1.62856000000000,1.61779000000000,1.61148000000000,1.84454000000000,1.86446000000000,2.35577000000000,2.37034000000000,3.84357000000000,3.84298000000000,4.11801000000000,4.11770000000000,4.35187000000000,4.30276000000000,4.11638000000000,3.69533000000000,3.64770000000000,4.75324000000000,5.63097000000000,5.65114000000000,5.62305000000000,0.697680000000000,0.464474000000000;1.51162000000000,1.53768000000000,1.59773000000000,1.61448000000000,1.62855000000000,1.62801000000000,1.62930000000000,1.62784000000000,1.61804000000000,1.61136000000000,1.84558000000000,1.86457000000000,2.35613000000000,2.37056000000000,3.84033000000000,3.84130000000000,4.11541000000000,4.11523000000000,4.35133000000000,4.30324000000000,4.11306000000000,3.69381000000000,3.64574000000000,4.75507000000000,5.63202000000000,5.62305000000000,5.65114000000000,0.698022000000000,0.464517000000000;0.735355000000000,0.741438000000000,0.724464000000000,0.721329000000000,0.729622000000000,0.728769000000000,0.729930000000000,0.729294000000000,0.721662000000000,0.722599000000000,0.702595000000000,0.703480000000000,0.707821000000000,0.709010000000000,0.694939000000000,0.695021000000000,0.690858000000000,0.690856000000000,0.690640000000000,0.691116000000000,0.693754000000000,0.689706000000000,0.686223000000000,0.693798000000000,0.697918000000000,0.697680000000000,0.698022000000000,5.65114000000000,1.88428000000000;0.506004000000000,0.499054000000000,0.508970000000000,0.487952000000000,0.482433000000000,0.482378000000000,0.484539000000000,0.483505000000000,0.478007000000000,0.478723000000000,0.473050000000000,0.470188000000000,0.463004000000000,0.458832000000000,0.457697000000000,0.457361000000000,0.453727000000000,0.453743000000000,0.455137000000000,0.454098000000000,0.452012000000000,0.437282000000000,0.438503000000000,0.459834000000000,0.464265000000000,0.464474000000000,0.464517000000000,1.88428000000000,5.65114000000000];
